60297
36512
36349
31247
22186
48658
39375
47860
22673
51678
14192
33518
40051
46352
9345
1365
4581
36265
46161
44058
10536
41050
29791
35276
64548
56755
9407
35212
54950
23288
29820
27952
45729
42414
29782
61711
33038
59488
63078
7332
2952
17753
34570
48381
65163
63801
30167
50331
13881
47071
39882
14801
49179
47628
31110
839
35277
19951
44139
12366
22272
43158
1858
57938
7941
44616
14764
13367
13223
27749
31936
65043
48658
54435
16727
7657
62504
47102
8649
41602
32255
4916
5078
23370
33204
1979
62379
37044
45227
44850
23985
4819
3465
44031
32033
4505
23444
36118
210
59837
46928
60573
2324
62784
35558
34174
18581
40072
18420
15219
8677
8177
16787
26616
39648
32625
62798
23697
6688
20666
42589
25875
2017
27261
37962
8834
20176
57193
21286
38254
302
35636
63565
56712
61141
18932
22750
38850
4189
5190
32780
58583
21988
35798
40937
52232
40010
51602
63769
45349
29988
25562
51685
34359
43951
62817
5323
55333
22153
57186
40716
44877
6849
27089
41566
55480
33628
48159
24239
44944
59630
53156
41820
4074
63900
29641
65419
10554
6903
43541
6318
24331
26391
3918
35292
65284
11514
9551
6128
887
38005
12670
14979
24130
14129
64420
20958
57573
17814
9021
2982
2177
46969
31680
46070
1855
22500
3503
38028
58581
26837
74
14511
36195
37530
63723
61358
62805
45462
63440
19154
62050
28695
38963
31541
10598
63447
61926
23001
5887
8872
26295
54622
10714
39784
1231
24174
35210
14978
6745
27528
10238
27494
17695
5980
20079
40387
64519
20439
60710
11542
63273
47255
34812
63154
18328
52910
58442
12483
38961
40747
24637
22431
20294
27262
39870
171
56231
24116
24569
38676
49448
31132
18735
60749
16107
8751
60965
53823
5972
40727
11853
39321
58463
63822
2908
38584
60800
48345
22761
45258
64711
2197
32054
28693
45393
51826
7521
40702
9276
5869
34176
63738
58544
12637
54947
31957
48685
8312
61884
6786
62411
60594
60200
23950
35382
54729
51048
55344
29350
44920
53917
54927
25043
986
4586
57822
28759
49698
56375
58937
19748
58063
24364
10302
28759
7385
49614
22394
58188
13043
18501
56298
33926
33189
43086
24196
14646
57464
64426
37412
62662
65184
2576
29325
30635
40919
7899
50611
56136
19889
11304
22420
36886
38391
34169
36225
7929
64650
11211
57976
27997
43110
11319
11761
16294
9445
25925
16623
27817
33598
40482
7431
31172
49712
61994
30241
57362
48031
27420
11479
57837
24369
16578
19443
56178
46793
40605
53988
14985
60244
21199
12368
37345
10039
13829
61011
28724
1171
1584
21752
6305
593
28180
545
56268
59469
58891
61332
31353
51859
24420
37831
41801
35428
26477
42802
42173
60227
51682
16881
54454
1917
8348
4949
56714
44042
8110
12853
8451
50238
32389
45119
8441
62482
55265
43000
28278
4318
47091
54053
63811
44416
53791
61919
54519
5489
17046
63597
9255
7005
7154
24197
63625
8360
55795
15669
40445
56663
47439
37974
8338
12307
15546
62638
31060
44517
10705
31676
56548
44546
8509
4370
16389
8370
17536
58887
33683
61085
34283
34634
30984
51295
44074
16060
21767
60112
28418
60290
21648
13320
36534
57395
40431
5408
22267
17467
28196
9743
39405
6064
49386
59789
4941
30884
2762
16149
4244
32862
44053
1802
45956
52803
14187
6463
45807
8154
57560
13887
60637
41276
45585
30993
48629
39476
56983
48776
63708
57783
38568
51850
40138
59026
29482
53118
27008
59448
24146
39499
2132
10463
11832
37487
23065
57843
56964
7157
14590
47156
63204
44172
36843
28000
39813
6153
32496
58581
36187
38851
37385
65174
61424
52453
3423
50183
37946
15744
31778
19016
16727
26567
1462
8977
38874
43983
21559
17755
47166
48092
55228
50713
27638
37520
63321
15978
47085
50885
56307
17103
8766
29647
17911
13754
41182
25371
42454
6663
52932
5981
5215
57207
16080
17128
60352
11948
18781
57141
34923
43823
41397
60679
2701
23489
7519
3941
63884
49891
1794
498
6977
46662
58202
63861
7322
13116
59175
32111
18782
64321
21161
16508
16689
21914
12589
1040
39065
50503
29451
6258
43642
9247
15545
35997
37151
26674
30873
30814
39315
22255
254
57010
22954
48366
65217
46200
29715
2359
44377
28994
40701
47756
35106
55897
36186
11201
54943
11459
18587
29951
27511
30415
32144
14883
2643
30257
25284
64811
31718
8704
40346
32462
48985
45359
54809
43319
15712
19416
13158
45456
18906
6384
32099
32589
33252
18431
5709
58178
44632
26812
60006
55331
57055
34254
6003
30913
60997
19999
45758
53776
45045
13820
18012
28271
44688
2107
28199
55417
52959
23816
15912
15555
59112
59565
42937
22239
39231
30343
1063
32196
40652
41993
58355
43484
22415
23264
42164
57949
39822
32998
34195
33746
39552
3627
42899
7666
18655
32232
52142
17947
44676
31781
43315
11692
5024
30807
23415
17155
55107
60040
58012
51271
58613
13862
51362
30682
40768
6178
11747
53883
27112
63358
22368
4570
10741
38022
8555
27450
23053
56610
50011
64446
8471
55609
12377
33357
65020
599
12083
50502
34784
4763
23278
62255
52371
41495
32848
28923
31103
21524
56767
52498
5197
181
21288
6130
39439
10275
31478
51311
19493
7241
25664
56935
52160
2665
27923
59808
54743
22392
49779
26474
35849
24272
52954
63311
45424
27518
24423
53494
14090
58963
18537
47823
57465
61323
39724
17713
20863
34602
7579
63376
64830
44235
14436
22700
58348
31547
20021
42585
55534
51138
48771
49363
58325
40231
21645
18417
51615
32955
45041
26886
41525
39256
13205
4704
44907
61061
8756
36835
14477
15827
61832
21238
40506
40895
13911
25046
63535
198
20641
40629
34787
32851
43072
30961
61858
6927
37782
20961
14529
47617
11178
50578
50251
16683
24511
28355
30440
34833
38377
42612
2230
6752
23336
8930
6793
8061
58309
25110
53795
4852
63736
6466
33853
56890
754
50855
63030
3033
725
18295
60486
60789
59152
28891
1007
46883
53847
4746
41980
25559
55845
7513
5458
9747
55697
32773
35051
48697
10500
29605
61775
10933
3657
42666
38765
13905
17432
60597
17891
46137
1907
47521
49327
6209
11639
53919
7298
15001
8443
55336
59003
47383
38208
55803
3380
41774
50679
17165
9523
6558
21929
33011
7939
50494
5576
47228
25294
37398
6204
13096
46760
55996
29901
32237
28624
7350
52763
11467
28288
